1
100
1000
10000
10001
10002
10003
10004
10006
10008
10009
1001
10010
10012
1002
10024
10025
10026
10037
10047
10048
1007
10080
10082
10087
10089
1009
10093
1010
10100
1011
10136
10141
10160
10180
10187
1021
10215
1022
1023
1024
10243
1025
10250
10255
10256
1026
1027
1028
10283
1029
1030
1031
1032
1033
1034
1035
1036
1037
1038
1039
1040
1041
1042
1043
1044
10443
1045
1046
1047
10477
1048
1049
1050
1051
1052
1053
1054
10543
1055
1056
10566
1057
1058
1059
106
1060
1061
10616
10617
1062
10621
10626
10628
10629
1063
1064
1065
10652
1066
1067
1068
1069
10691
1070
1071
1072
1073
1074
1075
1076
1077
10776
10778
1078
1079
1080
1081
1082
1083
1084
1085
1086
1087
1088
1089
109
1090
1091
1092
1093
1094
1095
1096
1097
1098
1099
110
1100
1102
1104
1105
1106
1107
1108
111
1110
1111
11110
11111
1112
1113
1114
1117
11180
1119
1121
1122
1123
1124
1126
113
1130
1131
1132
1137
1138
1141
1145
1147
1148
1149
1151
1152
1154
1163
1164
1165
1166
11680
1169
1174
1175
1183
1185
1186
1187
119
1192
1194
11967
1198
1199
12000
1201
12088
1213
1216
1217
12170
12174
1218
12200
12201
12211
12265
12283
12318
12320
12323
12325
12327
1233
1234
12345
1236
12378
12383
12424
12432
12437
1244
12457
1247
1248
12490
125
12516
12584
12588
1259
1271
1272
1277
1287
1296
13
1300
1301
1309
1310
1311
1322
1328
1334
1343
13456
135
1352
137
13722
13724
13782
13783
139
14000
1417
14238
143
1433
1434
144
1443
1444
14441
14442
1455
146
1461
1494
1500
15000
15002
15003
15004
1501
1503
1521
1524
1533
1556
15660
15672
15673
15675
15742
1580
1583
1594
1600
16000
16001
16004
16010
16012
16016
16017
16018
16020
16029
16030
16036
16052
16059
16063
16080
16082
161
16100
16113
163
16316
1641
16443
1658
1666
1687
1688
16992
16993
17
1700
1717
1718
1719
1720
1721
1723
1755
1761
1782
1783
17877
179
17988
18001
1801
18040
18042
1805
18080
18094
18101
1812
1839
1840
1862
1863
1864
1875
1883
18888
18988
19
1900
19015
19082
19101
1914
19283
19315
1935
19350
1936
1947
1971
1972
1974
19780
19801
1984
19842
19888
19890
199
1998
1999
19999
2
20
2000
20000
20005
2001
20010
2002
2003
20031
2004
2005
2006
2007
2008
2009
2010
2013
2019
2020
2021
2022
20221
20222
2030
2033
2034
2035
2038
2040
2041
2042
2043
2045
2046
2047
2048
2049
20512
2052
2053
2063
2065
2068
2078
2079
2082
20828
2083
2086
2087
2096
2099
21
2100
2103
2105
2106
2107
2108
2109
211
2111
2119
212
2121
2122
2123
2126
21299
2130
2133
2134
2135
2144
2156
21571
2160
2161
2170
2179
2181
2190
2191
2195
2196
22
2200
222
22206
2222
2251
2260
2288
22939
23
2301
2323
23502
2366
2375
2379
2381
2382
2383
2393
2394
2399
24
2401
24444
24800
2492
25
2500
2522
2525
254
255
2557
256
25734
25735
259
26
2601
2602
2604
2605
2607
2608
26214
26257
2638
264
27000
2701
27017
2702
2710
2717
2718
2725
27352
27353
27355
27356
27715
280
2800
2809
2811
28201
2869
2875
2888
2909
2910
2920
2967
2968
2998
3
30
3000
30000
3001
3003
3005
3006
3007
301
3011
3013
3017
3030
3031
3052
306
3071
30718
3077
30876
30951
3100
31038
311
3128
31337
3168
32
3211
3221
3260
3261
3268
3269
32768
32769
32770
32771
32772
32773
32774
32775
32776
32777
32778
32779
32780
32781
32782
32783
32784
32785
3283
33
3300
3301
3304
3306
3307
3322
3323
3324
3325
3333
33354
3351
3367
3369
3370
3371
3372
3389
33899
3390
340
3404
3410
34571
34572
34573
3476
3493
3514
3517
3527
3546
35500
3551
3580
3659
366
3689
3690
3697
37
3703
3731
3737
3766
3784
3800
3801
3808
3809
3814
3820
3826
3827
3828
38292
3849
3851
3852
3853
3859
3863
3869
3871
3872
3878
3880
3888
3889
389
3905
3914
3916
3918
3920
3944
3945
3963
3971
3981
3986
3995
3998
4
4000
40000
4001
4002
4003
4004
4005
4006
40193
4040
4045
406
407
40911
4111
4125
4126
4129
4147
41511
416
4164
417
4194
42
4200
4224
4242
425
42510
4252
427
4279
43
4321
4343
44134
44176
443
4430
444
4440
4443
4444
44442
44443
4445
4446
4449
445
44501
45100
4550
4555
4567
458
464
4646
4647
465
4658
4662
48080
481
4848
4899
49
4900
49152
49153
49154
49155
49156
49157
49158
49159
49160
49161
49163
49165
49167
49175
49176
49400
4949
497
4984
4998
49999
500
5000
50000
50001
50002
50003
50006
5001
5002
50022
5003
5004
50070
50075
5009
50090
50091
50111
5030
50300
5033
50389
5044
50470
50475
5050
50500
5051
5052
5054
5060
5061
50636
5080
50800
5081
5087
5100
5101
5102
51103
512
5120
513
514
51493
515
5190
5200
5214
5221
5222
5225
5226
524
52673
5269
5280
52822
52848
52869
5298
53
5357
54045
5405
541
5414
543
5431
5432
54328
544
5440
545
548
5500
55055
55056
5510
554
5544
555
5550
5555
55555
5560
55600
5566
5601
5603
563
5631
5633
5666
5672
56737
56738
5678
5679
5718
57294
5730
57797
5800
5801
5802
58080
5810
5811
5815
5822
5825
5850
5859
5862
587
5877
5900
5901
5902
5903
5904
5906
5907
5910
5911
5915
5922
5925
593
5938
5950
5952
5959
5960
5961
5962
5963
5984
5987
5988
5989
5998
5999
6
6000
60000
6001
6002
60020
6003
6004
6005
6006
6007
6009
6025
60443
6051
6059
6060
6100
6101
6106
6112
6123
6129
61532
6156
616
61613
61616
617
61900
62078
625
631
63331
6346
636
6379
6389
6443
646
64623
64680
648
6481
65000
6502
6510
65129
65389
6543
6547
6565
6566
6567
6580
6646
666
6666
6667
6668
6669
667
668
6689
6692
6699
6779
6782
6783
6784
6788
6789
6792
683
6839
687
6881
6901
691
6969
7
70
700
7000
7001
7002
7004
7007
7019
7024
7025
705
7070
7100
7103
7106
711
714
7199
720
7200
7201
722
726
7272
7278
7402
7435
7443
749
7496
7512
7625
7627
765
7676
7725
7741
7744
777
7777
7778
7800
783
787
7878
79
7911
7913
7920
7921
7937
7938
7999
80
800
8000
8001
8002
8007
8008
8009
801
8010
8011
8019
8021
8022
8031
8042
8044
8045
8070
8071
8072
8073
8074
808
8080
8081
8082
8083
8084
8085
8086
8087
8088
8089
8090
8091
8093
8097
8099
81
8100
8111
8161
8180
8181
8192
8193
8194
82
8200
8201
8222
8254
8290
8291
8292
83
8300
8333
8381
8383
84
8400
8402
8403
8411
843
8443
8444
8454
85
8500
8519
8550
8573
8600
8634
8649
8651
8652
8654
8686
8701
8707
873
8765
88
880
8800
8810
8831
8834
8843
8844
8855
8866
8873
888
8880
8883
8888
8899
89
898
8983
8984
8989
8994
9
90
900
9000
9001
9002
9003
9009
901
9010
9011
9016
902
9024
903
9033
9040
9042
9050
9071
9080
9081
9083
9084
9088
9090
9091
9092
9093
9094
9098
9099
9100
9101
9102
9103
911
9110
9111
9114
9115
9116
912
9120
9121
9153
9160
9162
9191
9200
9207
9208
9214
9220
9256
9290
9300
9306
9415
9418
9443
9444
9485
9500
9502
9503
9535
9575
9593
9594
9595
9600
9618
9666
9696
9700
981
987
9876
9877
9878
9882
9898
99
990
9900
9901
9917
992
9928
9929
993
9943
9944
995
9966
9968
9988
999
9990
9998
9999
